function res07(domean)

z1 =  [
42.40%
41.30%
41.10%
40.90%
40.90%
40.90%
41.10%
41.00%
40.80%
40.90%
40.90%
40.60%
40.90%
40.70%
40.60%
40.70%
40.50%
39.80%
39.50%
39.40%
39.60%
39.40%
39.60%
39.70%
39.10%
39.30%
39.60%
39.60%
39.50%
39.40%
39.70%
39.40%
36.60%
35.90%
35.30%
36.40%
34.80%
35.40%
35.30%
35.40%
35.40%
35.00%
35.50%
35.50%
35.80%
34.90%
35.30%
35.20%
32.50%
33.80%
32.90%
32.30%
32.00%
32.90%
32.70%
32.00%
31.60%
32.40%
32.00%
32.10%
31.80%
37.20%
38.20%
38.70%
32.20%
31.60%
30.70%
28.60%
30.30%
29.30%
31.10%
29.60%
29.10%
30.30%
30.30%
35.80%
38.20%
38.70%
39.10%
38.90%
29.30%
28.40%
28.40%
26.80%
28.50%
28.30%
28.70%
29.30%
27.80%
28.50%
37.00%
37.80%
38.70%
39.00%
38.80%
38.70%
23.90%
27.50%
25.70%
25.30%
25.00%
24.90%
26.10%
27.80%
25.10%
37.20%
37.70%
38.10%
39.00%
38.60%
38.40%
37.50%
21.20%
22.70%
23.60%
23.00%
23.70%
22.40%
22.80%
23.20%
38.20%
37.60%
37.80%
38.10%
38.80%
38.10%
37.50%
36.30%
19.80%
20.10%
20.80%
21.00%
21.00%
20.20%
20.30%
35.10%
38.20%
37.70%
38.00%
38.10%
38.60%
37.30%
36.40%
34.90%
15.90%
17.70%
18.30%
17.70%
17.40%
18.10%
18.10%
37.20%
38.20%
38.00%
38.00%
38.20%
37.90%
36.10%
35.50%
34.20%

];

z2 = [
  42.10%
41.30%
41.30%
41.00%
40.90%
41.30%
41.20%
41.20%
41.20%
41.10%
41.00%
41.00%
41.10%
41.00%
41.20%
41.20%
40.00%
40.10%
39.90%
39.90%
39.30%
39.10%
39.50%
39.60%
39.40%
39.90%
39.80%
39.60%
40.10%
39.80%
39.60%
39.40%
36.70%
36.80%
38.50%
37.10%
37.10%
37.10%
36.70%
37.30%
37.10%
36.40%
37.00%
37.10%
36.50%
37.10%
37.10%
37.30%
35.70%
35.90%
36.70%
34.10%
35.50%
35.30%
36.10%
34.60%
36.10%
35.70%
35.30%
35.00%
34.70%
37.30%
38.30%
39.00%
35.20%
33.80%
33.80%
33.80%
35.80%
35.00%
34.70%
34.20%
34.00%
35.80%
34.70%
36.20%
38.10%
38.50%
38.80%
39.70%
33.80%
35.10%
34.40%
34.00%
35.20%
34.90%
34.60%
34.50%
34.60%
34.70%
37.70%
38.60%
38.40%
38.80%
38.50%
39.10%
31.00%
36.20%
35.90%
34.40%
35.10%
34.50%
31.50%
34.60%
35.20%
37.30%
38.10%
38.50%
38.50%
38.70%
38.10%
38.00%
28.60%
32.30%
37.00%
34.50%
34.30%
34.30%
34.40%
37.40%
36.90%
38.30%
37.90%
38.40%
38.40%
38.50%
37.10%
36.60%
26.70%
27.10%
26.50%
26.30%
31.80%
31.70%
27.00%
36.60%
37.50%
38.30%
37.90%
38.50%
38.10%
37.50%
35.40%
35.20%
25.20%
25.20%
24.70%
25.50%
26.00%
31.00%
26.30%
38.00%
37.50%
38.20%
37.60%
38.30%
37.40%
36.50%
34.40%
34.70%
  
];

z3 = [
  42.70%
42.50%
42.00%
41.80%
41.70%
41.70%
41.60%
41.70%
41.50%
41.70%
41.60%
41.70%
41.40%
41.50%
41.30%
41.50%
41.00%
40.20%
39.60%
39.90%
39.90%
39.70%
39.20%
39.80%
39.40%
39.20%
39.60%
39.60%
39.40%
39.50%
39.30%
39.50%
36.10%
36.00%
37.30%
37.30%
37.40%
37.30%
37.00%
36.50%
37.00%
36.40%
37.00%
37.10%
36.60%
36.60%
36.70%
37.10%
32.00%
33.20%
32.10%
32.50%
31.90%
32.00%
33.70%
32.70%
32.40%
32.50%
31.70%
32.20%
33.50%
37.60%
38.90%
38.20%
32.10%
29.70%
28.60%
30.00%
29.80%
30.20%
31.00%
30.60%
30.80%
31.00%
31.00%
36.20%
37.30%
38.20%
39.60%
38.60%
27.20%
29.00%
28.60%
33.70%
33.60%
33.70%
34.20%
34.00%
34.50%
32.90%
37.10%
37.80%
38.00%
38.60%
39.50%
38.10%
23.80%
27.20%
37.70%
33.80%
37.40%
27.30%
34.00%
31.20%
36.90%
37.50%
38.20%
38.40%
38.10%
38.20%
38.80%
37.30%
20.40%
23.70%
36.40%
31.50%
31.80%
25.00%
35.70%
31.10%
37.40%
38.20%
38.10%
38.50%
38.10%
38.00%
37.80%
35.90%
18.40%
20.50%
23.60%
21.10%
27.70%
21.50%
30.10%
37.20%
37.90%
38.30%
38.30%
38.30%
37.90%
37.20%
36.40%
34.50%
16.70%
18.40%
17.60%
20.90%
18.40%
20.50%
20.80%
38.10%
37.80%
38.30%
38.30%
38.00%
37.10%
36.20%
35.10%
34.00%
  
];

z4 = [
  42.40%
41.70%
42.00%
41.20%
41.10%
41.20%
41.00%
40.60%
41.10%
40.90%
40.80%
40.80%
40.90%
40.90%
40.90%
40.80%
41.50%
41.00%
41.20%
41.00%
41.30%
40.90%
40.80%
41.20%
41.00%
41.00%
40.90%
41.00%
40.90%
40.90%
40.80%
40.90%
40.20%
38.30%
38.80%
39.00%
39.10%
37.80%
38.50%
38.50%
38.50%
38.90%
39.20%
38.10%
39.20%
38.70%
38.60%
38.80%
38.40%
38.50%
38.50%
38.10%
38.50%
37.90%
37.90%
37.10%
37.60%
37.80%
38.10%
37.80%
37.80%
37.50%
37.70%
39.00%
38.00%
37.70%
37.90%
37.20%
37.90%
36.60%
38.50%
36.60%
38.20%
38.20%
36.90%
35.90%
38.30%
39.50%
38.50%
39.90%
37.80%
37.80%
39.80%
39.20%
38.50%
38.80%
39.80%
39.00%
39.70%
38.70%
37.30%
38.80%
38.60%
39.80%
38.50%
39.40%
38.30%
36.90%
36.80%
37.90%
38.40%
37.90%
38.00%
37.60%
37.90%
37.40%
38.50%
38.90%
39.10%
39.40%
38.00%
38.30%
37.20%
35.00%
35.90%
35.70%
37.60%
36.10%
35.40%
35.90%
37.30%
37.80%
38.60%
39.00%
38.80%
38.70%
37.30%
36.80%
28.40%
29.50%
33.30%
33.30%
34.70%
35.50%
32.40%
36.80%
37.90%
37.80%
38.70%
38.70%
38.70%
37.80%
36.00%
35.40%
24.20%
26.20%
24.90%
24.60%
28.60%
27.00%
26.40%
38.30%
37.70%
38.10%
38.80%
38.50%
38.10%
36.70%
35.00%
34.50%
  
];

z5 = [
  40.60%
39.90%
40.20%
39.50%
39.50%
39.70%
39.50%
39.50%
39.70%
39.40%
39.10%
39.50%
39.50%
39.40%
39.50%
39.70%
39.70%
39.80%
39.10%
39.50%
39.30%
39.30%
38.90%
39.00%
38.80%
39.40%
38.90%
39.00%
38.80%
39.10%
38.80%
38.90%
37.90%
37.60%
37.20%
36.40%
37.30%
36.80%
36.50%
36.10%
36.50%
36.60%
36.30%
36.90%
36.50%
36.70%
36.80%
36.70%
35.80%
37.80%
34.20%
34.70%
34.80%
35.10%
34.40%
34.90%
35.10%
34.00%
34.20%
34.00%
33.90%
36.20%
39.30%
38.10%
34.00%
32.30%
33.00%
35.50%
34.70%
36.00%
35.60%
33.60%
35.90%
34.00%
35.60%
35.60%
38.50%
38.20%
39.60%
38.60%
35.00%
30.50%
32.70%
36.00%
35.60%
35.10%
33.60%
33.10%
35.70%
36.00%
36.80%
37.90%
38.50%
38.70%
39.20%
38.10%
30.50%
33.00%
30.40%
30.50%
30.10%
36.90%
32.70%
31.00%
32.10%
38.00%
38.30%
38.10%
38.80%
38.20%
39.00%
37.00%
36.60%
34.90%
36.40%
36.00%
34.00%
27.10%
36.60%
36.60%
36.90%
38.10%
38.10%
38.30%
38.70%
38.10%
38.10%
35.80%
34.60%
34.30%
35.50%
34.60%
33.10%
34.60%
35.10%
36.60%
37.80%
37.90%
38.20%
38.10%
38.50%
37.20%
36.80%
34.50%
32.50%
32.70%
34.10%
34.00%
32.00%
33.90%
34.70%
37.80%
37.80%
37.70%
38.20%
38.10%
38.10%
36.20%
35.60%
33.70%
  
];

z6 = [
  41.20%
40.80%
41.00%
40.60%
40.20%
40.10%
39.70%
40.00%
40.10%
40.00%
40.20%
40.00%
39.90%
40.20%
39.80%
40.00%
41.00%
39.70%
39.80%
40.00%
39.80%
40.40%
40.40%
40.10%
40.20%
39.90%
40.30%
40.00%
40.20%
40.10%
40.10%
40.50%
37.00%
36.80%
37.80%
36.60%
37.40%
37.30%
37.70%
36.60%
36.90%
36.60%
36.70%
36.50%
36.50%
36.80%
36.40%
36.50%
36.10%
34.10%
35.70%
34.40%
34.60%
33.90%
34.50%
34.00%
34.20%
34.50%
34.20%
33.60%
34.50%
37.10%
38.10%
39.10%
35.10%
32.20%
34.20%
33.90%
34.30%
33.30%
34.40%
34.00%
34.10%
33.60%
34.80%
36.30%
38.20%
39.00%
38.70%
39.60%
33.00%
31.50%
32.70%
31.60%
30.60%
30.70%
32.10%
31.40%
31.50%
32.10%
37.20%
38.60%
38.80%
39.50%
38.60%
39.10%
30.50%
27.90%
30.90%
30.30%
29.80%
32.30%
31.20%
32.00%
32.70%
37.20%
38.10%
38.50%
39.00%
39.20%
38.30%
37.90%
29.00%
29.20%
30.40%
32.50%
32.30%
33.00%
34.90%
33.60%
37.60%
37.70%
38.20%
38.60%
38.90%
38.90%
37.80%
36.40%
29.70%
30.20%
32.30%
26.30%
29.90%
29.70%
27.00%
36.30%
38.40%
37.90%
38.00%
38.40%
38.60%
38.00%
36.70%
35.00%
21.30%
26.30%
26.00%
23.10%
25.60%
24.30%
23.30%
38.00%
38.40%
37.70%
37.70%
38.10%
37.80%
36.90%
35.80%
34.40%
  
];

z7 = [
  42.40%
42.20%
41.40%
41.80%
41.80%
41.50%
41.20%
41.60%
41.30%
41.10%
41.50%
41.40%
41.30%
41.30%
41.20%
41.50%
40.40%
40.90%
39.80%
40.20%
40.10%
39.90%
39.60%
40.40%
39.40%
39.60%
39.70%
39.60%
39.40%
39.90%
39.70%
39.80%
37.70%
38.80%
38.30%
37.00%
37.70%
37.30%
37.90%
36.90%
37.40%
37.70%
37.20%
37.50%
37.30%
37.40%
37.70%
37.50%
36.90%
34.60%
35.30%
34.50%
35.10%
34.70%
35.40%
35.50%
35.20%
34.80%
35.10%
34.80%
35.10%
37.20%
38.30%
39.10%
34.20%
36.20%
34.60%
35.20%
35.80%
35.70%
35.40%
34.60%
35.70%
35.50%
35.60%
35.30%
39.00%
38.70%
38.90%
39.60%
34.20%
33.20%
35.30%
35.60%
35.20%
34.90%
35.00%
35.40%
35.40%
35.40%
36.60%
37.70%
40.10%
39.00%
38.80%
39.10%
33.20%
34.50%
36.60%
34.00%
33.50%
32.50%
34.50%
34.90%
33.80%
37.90%
37.30%
37.90%
40.10%
38.60%
38.20%
38.20%
31.70%
31.70%
31.60%
31.20%
32.50%
32.40%
31.70%
32.20%
38.00%
38.90%
37.10%
38.00%
39.70%
38.20%
37.20%
36.70%
28.60%
30.40%
28.30%
29.30%
31.50%
30.90%
28.40%
35.60%
38.50%
38.70%
37.20%
37.60%
39.40%
37.40%
36.00%
35.20%
25.50%
19.30%
18.70%
16.80%
24.10%
19.90%
19.60%
37.20%
38.20%
38.50%
37.30%
37.60%
38.90%
36.40%
34.80%
34.50% 
];

